Bogota 
 
3 
 
100 
 
4 
 
00/00/0001 13 17 2 
 
00/00/0002 14 15 1 
 
00/00/0003 12 16 3 
 
00/00/0004 15 30 2 
 
200 
 
4 
 
00/00/0001 14 15 1 
 
00/00/0002 13 17 2 
 
00/00/0003 12 16 3 
 
00/00/0004 15 30 2 
 
300 
 
4 
 
00/00/0004 15 30 2 
 
00/00/0001 12 16 3 
 
00/00/0002 14 15 1 
 
00/00/0003 13 17 2 
 
Medellin

3

100

4

00/00/0004 15 30 2

00/00/0001 13 17 2 

00/00/0002 14 15 1 

00/00/0003 12 16 3 

200

4

00/00/0004 15 30 2

00/00/0001 14 15 1 

00/00/0002 13 17 2 

00/00/0003 12 16 3 

300

4

00/00/0004 15 30 2

00/00/0001 12 16 3

00/00/0002 14 15 1

00/00/0003 13 17 2

Cadiz

3

100

4

00/00/0004 15 30 2

00/00/0001 13 17 2

00/00/0002 14 15 1

00/00/0003 12 16 3

200

4

00/00/0004 15 30 2

00/00/0001 14 15 1

00/00/0002 13 17 2

00/00/0003 12 16 3

300

4

00/00/0004 15 30 2

00/00/0001 12 16 3

00/00/0002 14 15 1

00/00/0003 13 17 2

Cali

3

100

4

00/00/0004 15 30 2

00/00/0001 13 17 2

00/00/0002 14 15 1

00/00/0003 12 16 3

200

4

00/00/0004 15 30 2

00/00/0001 14 15 1

00/00/0002 13 17 2

00/00/0003 12 16 3

300

4

00/00/0004 15 30 2

00/00/0001 12 16 3

00/00/0002 14 15 1

00/00/0003 13 17 2